                      sequence support    uplift seq_support seq_confidence seq_coverage seq_prevelence seq_recall seq_lift seq_leverage seq_added_value seq_jaccard seq_relative_risk
42             <{c},{b},{d,e}>  0.4015 0.4110276      0.4015      1.0000000       0.4015          0.754  0.5324934 1.326260    0.6972690      0.24600000   0.5324934          1.697872
73           <{c},{b},{r},{r}>  0.4010 0.4106845      0.4010      1.0000000       0.4010          0.754  0.5318302 1.326260    0.6976460      0.24600000   0.5318302          1.696884
30             <{a},{c},{d,e}>  0.4005 0.4103420      0.4005      1.0000000       0.4005          0.754  0.5311671 1.326260    0.6980230      0.24600000   0.5311671          1.695898
58           <{a},{c},{b},{r}>  0.4005 0.4103420      0.4005      1.0000000       0.4005          0.754  0.5311671 1.326260    0.6980230      0.24600000   0.5311671          1.695898
66           <{a},{b},{r},{r}>  0.4005 0.4103420      0.4005      1.0000000       0.4005          0.754  0.5311671 1.326260    0.6980230      0.24600000   0.5311671          1.695898
72         <{c},{b},{d,e},{r}>  0.4005 0.4103420      0.4005      1.0000000       0.4005          0.754  0.5311671 1.326260    0.6980230      0.24600000   0.5311671          1.695898
83       <{a},{c},{b},{r},{r}>  0.4005 0.4103420      0.4005      1.0000000       0.4005          0.754  0.5311671 1.326260    0.6980230      0.24600000   0.5311671          1.695898
54             <{d,e},{r},{r}>  0.4000 0.4100000      0.4000      1.0000000       0.4000          0.754  0.5305040 1.326260    0.6984000      0.24600000   0.5305040          1.694915
55           <{a},{c},{b},{d}>  0.4000 0.4100000      0.4000      1.0000000       0.4000          0.754  0.5305040 1.326260    0.6984000      0.24600000   0.5305040          1.694915
57         <{a},{c},{b},{d,e}>  0.4000 0.4100000      0.4000      1.0000000       0.4000          0.754  0.5305040 1.326260    0.6984000      0.24600000   0.5305040          1.694915
59           <{a},{c},{d},{r}>  0.4000 0.4100000      0.4000      1.0000000       0.4000          0.754  0.5305040 1.326260    0.6984000      0.24600000   0.5305040          1.694915
61         <{a},{c},{d,e},{r}>  0.4000 0.4100000      0.4000      1.0000000       0.4000          0.754  0.5305040 1.326260    0.6984000      0.24600000   0.5305040          1.694915
68           <{a},{e},{r},{r}>  0.4000 0.4100000      0.4000      1.0000000       0.4000          0.754  0.5305040 1.326260    0.6984000      0.24600000   0.5305040          1.694915
69         <{a},{d,e},{r},{r}>  0.4000 0.4100000      0.4000      1.0000000       0.4000          0.754  0.5305040 1.326260    0.6984000      0.24600000   0.5305040          1.694915
76         <{c},{d,e},{r},{r}>  0.4000 0.4100000      0.4000      1.0000000       0.4000          0.754  0.5305040 1.326260    0.6984000      0.24600000   0.5305040          1.694915
79         <{b},{d,e},{r},{r}>  0.4000 0.4100000      0.4000      1.0000000       0.4000          0.754  0.5305040 1.326260    0.6984000      0.24600000   0.5305040          1.694915
80       <{a},{c},{b},{d},{r}>  0.4000 0.4100000      0.4000      1.0000000       0.4000          0.754  0.5305040 1.326260    0.6984000      0.24600000   0.5305040          1.694915
81       <{a},{c},{b},{e},{r}>  0.4000 0.4100000      0.4000      1.0000000       0.4000          0.754  0.5305040 1.326260    0.6984000      0.24600000   0.5305040          1.694915
82     <{a},{c},{b},{d,e},{r}>  0.4000 0.4100000      0.4000      1.0000000       0.4000          0.754  0.5305040 1.326260    0.6984000      0.24600000   0.5305040          1.694915
84       <{a},{c},{d},{r},{r}>  0.4000 0.4100000      0.4000      1.0000000       0.4000          0.754  0.5305040 1.326260    0.6984000      0.24600000   0.5305040          1.694915
85       <{a},{c},{e},{r},{r}>  0.4000 0.4100000      0.4000      1.0000000       0.4000          0.754  0.5305040 1.326260    0.6984000      0.24600000   0.5305040          1.694915
86     <{a},{c},{d,e},{r},{r}>  0.4000 0.4100000      0.4000      1.0000000       0.4000          0.754  0.5305040 1.326260    0.6984000      0.24600000   0.5305040          1.694915
87       <{a},{b},{d},{r},{r}>  0.4000 0.4100000      0.4000      1.0000000       0.4000          0.754  0.5305040 1.326260    0.6984000      0.24600000   0.5305040          1.694915
88       <{a},{b},{e},{r},{r}>  0.4000 0.4100000      0.4000      1.0000000       0.4000          0.754  0.5305040 1.326260    0.6984000      0.24600000   0.5305040          1.694915
89     <{a},{b},{d,e},{r},{r}>  0.4000 0.4100000      0.4000      1.0000000       0.4000          0.754  0.5305040 1.326260    0.6984000      0.24600000   0.5305040          1.694915
90       <{c},{b},{d},{r},{r}>  0.4000 0.4100000      0.4000      1.0000000       0.4000          0.754  0.5305040 1.326260    0.6984000      0.24600000   0.5305040          1.694915
91       <{c},{b},{e},{r},{r}>  0.4000 0.4100000      0.4000      1.0000000       0.4000          0.754  0.5305040 1.326260    0.6984000      0.24600000   0.5305040          1.694915
92     <{c},{b},{d,e},{r},{r}>  0.4000 0.4100000      0.4000      1.0000000       0.4000          0.754  0.5305040 1.326260    0.6984000      0.24600000   0.5305040          1.694915
93   <{a},{c},{b},{d},{r},{r}>  0.4000 0.4100000      0.4000      1.0000000       0.4000          0.754  0.5305040 1.326260    0.6984000      0.24600000   0.5305040          1.694915
94   <{a},{c},{b},{e},{r},{r}>  0.4000 0.4100000      0.4000      1.0000000       0.4000          0.754  0.5305040 1.326260    0.6984000      0.24600000   0.5305040          1.694915
95 <{a},{c},{b},{d,e},{r},{r}>  0.4000 0.4100000      0.4000      1.0000000       0.4000          0.754  0.5305040 1.326260    0.6984000      0.24600000   0.5305040          1.694915
70           <{c},{b},{d},{r}>  0.4015 0.4097822      0.4010      0.9987547       0.4015          0.754  0.5318302 1.324608    0.6960237      0.24475467   0.5314778          1.695758
62           <{a},{c},{r},{r}>  0.4010 0.4094376      0.4005      0.9987531       0.4010          0.754  0.5311671 1.324606    0.6963991      0.24475312   0.5308151          1.694768
74           <{c},{d},{r},{r}>  0.4010 0.4094376      0.4005      0.9987531       0.4010          0.754  0.5311671 1.324606    0.6963991      0.24475312   0.5308151          1.694768
28               <{a},{c},{d}>  0.4045 0.4093900      0.4030      0.9962917       0.4045          0.754  0.5344828 1.321342    0.6912987      0.24229172   0.5334216          1.697544
21                 <{b},{d,e}>  0.4050 0.4092956      0.4040      0.9975309       0.4050          0.754  0.5358090 1.322985    0.6921609      0.24353086   0.5350993          1.695802
50             <{b},{d,e},{r}>  0.4020 0.4092913      0.4015      0.9987562       0.4020          0.754  0.5324934 1.324610    0.6956482      0.24475622   0.5321405          1.694344
56           <{a},{c},{b},{e}>  0.4005 0.4090935      0.4000      0.9987516       0.4005          0.754  0.5305040 1.324604    0.6967746      0.24475156   0.5301524          1.693781
60           <{a},{c},{e},{r}>  0.4005 0.4090935      0.4000      0.9987516       0.4005          0.754  0.5305040 1.324604    0.6967746      0.24475156   0.5301524          1.693781
71           <{c},{b},{e},{r}>  0.4015 0.4089468      0.4010      0.9987547       0.4015          0.754  0.5318302 1.324608    0.6960237      0.24475467   0.5314778          1.693356
17                 <{c},{d,e}>  0.4070 0.4086248      0.4055      0.9963145       0.4070          0.754  0.5377984 1.321372    0.6894365      0.24231450   0.5367306          1.695307
34             <{a},{b},{d,e}>  0.4010 0.4086029      0.4005      0.9987531       0.4010          0.754  0.5311671 1.324606    0.6963991      0.24475312   0.5308151          1.692371
63           <{a},{b},{d},{r}>  0.4010 0.4086029      0.4005      0.9987531       0.4010          0.754  0.5311671 1.324606    0.6963991      0.24475312   0.5308151          1.692371
75           <{c},{e},{r},{r}>  0.4010 0.4086029      0.4005      0.9987531       0.4010          0.754  0.5311671 1.324606    0.6963991      0.24475312   0.5308151          1.692371
39               <{a},{r},{r}>  0.4025 0.4083942      0.4015      0.9975155       0.4025          0.754  0.5324934 1.322965    0.6940305      0.24351553   0.5317881          1.693226
64           <{a},{b},{e},{r}>  0.4005 0.4082595      0.4000      0.9987516       0.4005          0.754  0.5305040 1.324604    0.6967746      0.24475156   0.5301524          1.691389
65         <{a},{b},{d,e},{r}>  0.4005 0.4082595      0.4000      0.9987516       0.4005          0.754  0.5305040 1.324604    0.6967746      0.24475156   0.5301524          1.691389
67           <{a},{d},{r},{r}>  0.4010 0.4073560      0.4000      0.9975062       0.4010          0.754  0.5305040 1.322953    0.6951522      0.24350623   0.5298013          1.690258
77           <{b},{d},{r},{r}>  0.4010 0.4073560      0.4000      0.9975062       0.4010          0.754  0.5305040 1.322953    0.6951522      0.24350623   0.5298013          1.690258
78           <{b},{e},{r},{r}>  0.4015 0.4068661      0.4005      0.9975093       0.4015          0.754  0.5311671 1.322957    0.6947783      0.24350934   0.5304636          1.688852
27               <{a},{c},{b}>  0.4065 0.4066553      0.4040      0.9938499       0.4065          0.754  0.5358090 1.318103    0.6873489      0.23984994   0.5340383          1.692539
46             <{c},{d,e},{r}>  0.4025 0.4063151      0.4010      0.9962733       0.4025          0.754  0.5318302 1.321317    0.6927883      0.24227329   0.5307743          1.688719
12                 <{a},{d,e}>  0.4035 0.4061736      0.4020      0.9962825       0.4035          0.754  0.5331565 1.321330    0.6920435      0.24228253   0.5320979          1.688303
35               <{a},{b},{r}>  0.4035 0.4061736      0.4020      0.9962825       0.4035          0.754  0.5331565 1.321330    0.6920435      0.24228253   0.5320979          1.688303
40               <{c},{b},{d}>  0.4110 0.4057456      0.4075      0.9914842       0.4110          0.754  0.5404509 1.314966    0.6815902      0.23748418   0.5379538          1.692708
38             <{a},{d,e},{r}>  0.4015 0.4056207      0.4000      0.9962640       0.4015          0.754  0.5305040 1.321305    0.6935330      0.24226401   0.5294507          1.686744
29               <{a},{c},{e}>  0.4050 0.4051976      0.4020      0.9925926       0.4050          0.754  0.5331565 1.316436    0.6872226      0.23859259   0.5310436          1.689821
51               <{b},{r},{r}>  0.4110 0.4040479      0.4075      0.9914842       0.4110          0.754  0.5404509 1.314966    0.6815902      0.23748418   0.5379538          1.687816
31               <{a},{c},{r}>  0.4045 0.4031628      0.4015      0.9925834       0.4045          0.754  0.5324934 1.316424    0.6875904      0.23858344   0.5303831          1.683998
53               <{e},{r},{r}>  0.4095 0.4029687      0.4060      0.9914530       0.4095          0.754  0.5384615 1.314924    0.6826900      0.23745299   0.5359736          1.684757
41               <{c},{b},{e}>  0.4080 0.4023582      0.4040      0.9901961       0.4080          0.754  0.5358090 1.313257    0.6825641      0.23619608   0.5329815          1.684471
47               <{c},{r},{r}>  0.4115 0.4023440      0.4075      0.9902795       0.4115          0.754  0.5404509 1.313368    0.6800085      0.23627947   0.5375989          1.684334
32               <{a},{b},{d}>  0.4070 0.4016391      0.4030      0.9901720       0.4070          0.754  0.5344828 1.313225    0.6832940      0.23617199   0.5316623          1.682441
33               <{a},{b},{e}>  0.4050 0.4014421      0.4015      0.9913580       0.4050          0.754  0.5324934 1.314798    0.6859880      0.23735802   0.5300330          1.680507
37               <{a},{e},{r}>  0.4050 0.4014421      0.4015      0.9913580       0.4050          0.754  0.5324934 1.314798    0.6859880      0.23735802   0.5300330          1.680507
45               <{c},{e},{r}>  0.4145 0.4009069      0.4090      0.9867310       0.4145          0.754  0.5424403 1.308662    0.6741980      0.23273100   0.5385122          1.684347
52               <{d},{r},{r}>  0.4095 0.4009009      0.4055      0.9902320       0.4095          0.754  0.5377984 1.313305    0.6814690      0.23623199   0.5349604          1.680264
43               <{c},{b},{r}>  0.4135 0.4005253      0.4085      0.9879081       0.4135          0.754  0.5417772 1.310223    0.6761291      0.23390810   0.5382082          1.681881
49               <{b},{e},{r}>  0.4115 0.3990643      0.4065      0.9878493       0.4115          0.754  0.5391247 1.310145    0.6775783      0.23384933   0.5355731          1.677776
48               <{b},{d},{r}>  0.4135 0.3981069      0.4075      0.9854897       0.4135          0.754  0.5404509 1.307016    0.6737107      0.23148972   0.5361842          1.677764
25                 <{d,e},{r}>  0.4070 0.3978811      0.4025      0.9889435       0.4070          0.754  0.5338196 1.311596    0.6820655      0.23494349   0.5306526          1.673163
36               <{a},{d},{r}>  0.4070 0.3962673      0.4015      0.9864865       0.4070          0.754  0.5324934 1.308338    0.6796085      0.23248649   0.5286373          1.671390
44               <{c},{d},{r}>  0.4130 0.3956755      0.4065      0.9842615       0.4130          0.754  0.5391247 1.305387    0.6728595      0.23026150   0.5345168          1.672247
8                    <{a},{c}>  0.4370 0.3900667      0.4235      0.9691076       0.4370          0.754  0.5616711 1.285289    0.6396096      0.21510755   0.5517915          1.673643
6                      <{d,e}>  0.4205 0.3896220      0.4120      0.9797860       0.4205          0.754  0.5464191 1.299451    0.6627290      0.22578597   0.5403279          1.660193
11                   <{a},{e}>  0.4270 0.3846144      0.4135      0.9683841       0.4270          0.754  0.5484085 1.284329    0.6464261      0.21438407   0.5387622          1.658846